2018-01-01 --> 2021-07-01

Incremental     Multip.     Limit   Donchian    Skipping        Pos.    Pump    Pump        Net.    DD%     Sharpe  Winning/Losing
Pos. Size                           Filter      Enabled         Size    Size    Lookback    Profit%
-----------+-----------+---------+-----------+---------------+-----------+-----------------+--------+---------+-----------------
False           -           -       False       False           8       47      2           973     -19.99  1.93    124/307
False           -           -       False       True            8       47      2           663     -21.62  1.85    96/238
True            1.66        3       False       False           8       47      2           6572    -34.59  1.91    124/307
True            1.66        3       False       True            8       47      2           16416   -28.47  2.32    96/238
True            1.66        4       False       True            8       47      2           26889   -46-12  2.08    96/238
True            1.66        4       False       False           8       47      2           56821   -41.61  2.21    124/307
True            1.66        4       False       False           8       47      3           121376  -42-89  2.36    120/303
True            1.66        4       False       False           8       -       -           22884   -50.19  1.92    136/338
True            1.66        4       False       False           8       33      2           17700   -44.74  2.13    107/278
True            1.55        4       False       False           8       47      2           27638   -35.33  2.24    124/307
True            1.66        4       183         False           8       47      2           1350    -52.48  1.38    60/144
True            1.66        4       77          False           8       47      2           13600   -40.18  1.99    85/172

------------------------------------------------------------------------------------------------------------------------------

Bitfinex BTC-USD 5x Lev. w/ Binance fee rate

            2021-05-01 2021-07-13 %-42                  2018  %-72                          2019 %88                    2020 %302                  2018-05 2019-05 %-39.39      2019-09-15 2020-09-15 %2.97        2020-06-01 2021-06-01 %295           2018-01-01  2021-07-01
        Sharpe  Calmar  Sortino PNL DD      |Sharpe  Calmar  Sortino PNL     DD  |Sharpe Calmar  Sortino PNL DD |Sharpe Calmar  Sortino PNL DD  |Sharpe Calmar  Sortino PNL DD |Sharpe Calmar  Sortino PNL DD  |Sharpe Calmar  Sortino PNL      DD  |Sharpe Calmar  Sortino PNL      DD  |
vaJpp;g fix parameters!
vdfp5@l 1.62    8.35    3.69    35  -42     |1.17    1.84    2.11    101     -55 |1.39   2.73    2.27    128 -46|1.81   4.95    3.43    200 -40 |1.17   1.77    1.92    77  -43|0.17    -0.24   0.27    -10 -44|2.65    23.96   6.36    894     -37 |
vdds59l 1.78    12.18   3.6     34  -26     |0.38    -0.11   0.63    -6.1    -55 |1.93   6.27    3.34    243 -38|2.09   8.76    4.17    314 -35 |-0.01  -0.36   -0.01   -20 -57|0.32    -0.02   0.48    -0.8-38|2.86    39.51   7.28    1275    -32
vVJ/2._ 3.32    144.8   10.74   102 -21     |0.48    0.01    0.68    0.56    -62 |0.73   0.58    1.08    30  -52|1.96   7.83    4.4     348 -44 |0.24   -0.11   0.38    -5  -52|1.84    6.93    3.98    308 -44|3.05    26.54   8.39    1113    -41
vN3BO,f 2.45    38.49   4.84    70  -33     |1.08    1.67    1.9     88.24   -52 |1.03   1.68    1.73    71  -42|1.79   6.89    3.68    290 -42 |0.69   0.64    1.12    27  -42|1.33    3.01    2.54    145 -49|2.56    17.82   5.13    810     -45
vdos5>l 1.62    8.35    3.69    35  -42     |1.17    1.84    2.11    101.73  -55 |1.39   2.73    2.27    128 -46|1.81   4.95    3.43    200 -40 |1.17   1.77    1.92    77  -43|0.17    -0.24   0.27    -10 -44|2.65    23.96   6.36    894     -37
vj3?o1l 0.76    0       1.3     0   0       |1.27    2.59    2.25    124     -48 |0.45   0.01    0.72    0.29-56|1.26   2.43    2.1     98  -40 |0.56   0.31    0.88    16  -52|0.55    0.3     0.86    13  -43|2.07    8.45    3.75    430     -50
vqopR,] 2.43    41.57   4.5     74  -34     |0.9     0.86    1.46    48      -55 |1.29   2.49    2.23    126 -50|1.5    4.53    3.0     203 -44 |0.81   0.74    1.35    39  -53|1.38    4.3     2.75    165 -38|2.95    46.85   6.47    2110    -44
vaQpJ;g 2.48    76.15   5.82    89  -29     |1.88    6.97    3.28    300     -42 |1.96   6.87    3.54    328 -47|1.61   3.46    2.6     164 -47 |1.05   1.74    1.58    64  -37|0.17    -0.25   0.24    -13 -54|3.2     48.19   7.11    1520    -31
kd9?;1H 2.46    32.03   6.52    63  -32     |2.03    8.61    3.95    446     -51 |1.12   2.1     1.83    84  -40|0.7    0.43    1.03    24  -57 |0.47   0.12    0.78    5   -48|0.48    0.06    0.7     3   -54|2.63    24.07   6.24    1017    -42
v^JpF/U 2.65    65.75   6.49    81  -27     |1.43    4.36    2.58    160     -36 |1.46   4.31    2.61    184 -42|1.64   5.27    3.01    216 -40 |0.52   0.32    0.8     14  -43|1.68    7.6     3.2     232 -30|2.22    12.79   4.65    523     -40
vahpJ;g 2.48    76.15   5.82    89  -29     |1.88    6.97    3.28    300     -42 |1.96   6.87    3.54    328 -47|1.65   3.79    2.68    173 -45 |1.05   1.74    1.58    64  -37|0.21    -0.2    0.3     -10 -52|3.2     48.19   7.11    1520    -31
vaJpC;g 2.58    92.98   6.07    96  -29     |1.91    7.03    3.36    303     -42 |2.29   10.38   4.39    495 -47|2.1    7.36    3.66    309 -41 |0.91   1.31    1.33    47  -36|0.77    0.83    1.18    34  -41|3.14    65.4    7.71    2064    -31
vXJp.._ 3.48    156.66  11.19   103 -20     |1.11    1.98    1.88    81.79   -41 |0.59   0.33    0.86    17  -52|1.76   6.2     3.53    258 -41 |0.14   -0.23   0.22    -11 -49|1.64    5.67    3.27    224 -39|3.01    23.7    7.89    985     -41|1.84    4.91    3.55    7426    -49
vXJp5._ 3.15    99.97   7.56    95  -26     |1.08    1.52    2.04    87.17   -57 |1.36   2.57    2.23    131 -51|1.53   4.1     2.77    164 -39 |0.29   -0.06   0.45    -3  -56|1.38    3.69    2.46    135 -36|2.85    28.73   7.57    1151    -39|1.86    4.85    3.71    13105   -62
sYon51` 2.64    53.78   5.95    75  -28     |1.86    10.27   5.18    427     -41 |1.08   1.47    1.75    78  -53|0.56   0.3     0.83    15  -49 |-0.13  -0.44   -0.18   -22 -49|-0.42   -0.7    -0.58   -45 -64|3.16    38.8    7.83    1796    -46|1.92    5.34    4.17    20926   -67
vdfp5.) 2.46    44.74   4.52    66  -25     |2.88    46.07   6.13    1402    -30 |1.08   1.43    1.78    78  -54|0.19   -0.36   0.29    -19 -75 |1.15   1.62    2.13    97  -60|-0.05   -0.46   -0.07   -29 -62|1.34    2.54    2.53    149     -58|1.63    3.01    2.92    6372    -76
v^JpF/g 2.59    70.64   6.06    94  -36     |1.6     4.94    2.89    213     -43 |0.5    0.14    0.77    7   -51|1.34   2.52    2.09    109 -43 |0.41   0.13    0.6     6   -47|0.05    -0.37   0.06    -19 -52|2.49    14.02   4.52    640     -45|1.52    2.81    2.65    3580    -64
vY\n51` 2.64    53.78   5.95    75  -28     |1.86    10.27   5.18    427     -41 |1.08   1.47    1.75    78  -53|0.56   0.3     0.83    15  -49 |-0.13  -0.44   -0.18   -22 -48|-0.42   -0.7    -0.58   -45 -64|3.16    38.8    7.83    1796    -46|1.92    5.34    4.17    20926   -67
Z^JpF/Y 2.98    123.77  7.6     99  -23     |1.71    6.22    3.14    273     -43 |1.07   1.79    1.8     80  -45|1.03   1.72    1.6     68  -39 |0.72   0.82    1.15    30  -37|1.05    1.84    1.7     72  -39|2.39    18.28   5.11    639     -34|1.78    6.27    3.3     10795   -45





















